2.55
2.55
2.51
2.5
2.47
2.46
2.46
2.45
2.44
2.45
2.44
2.46
2.47
2.5
2.52
2.56
2.6
2.62
3.02
3.01
3
2.98
2.97
2.98
2.97
2.97
2.96
2.97
2.99
2.99
3
3.02
3.03
3.04
3.07
3.08
3.41
3.41
3.4
3.4
3.39
3.39
3.4
3.41
3.42
3.42
3.41
3.42
3.44
3.45
3.46
3.46
3.47
3.48
4.02
4.03
4.04
4.09
4.1
4.1
4.09
4.1
4.1
4.07
4.85
4.95
5.03
5.11
5.16
5.17
5.14
5.1
4.99
4.91
5.61
5.81
6.07
6.27
6.3
6.07
5.85
5.67
6.11
6.37
6.55
6.55
6.55
6.55
6.55
6.55
6.42
6.2
6.23
6.4
6.55
6.55
6.55
6.55
6.55
6.55
6.45
6.33
1.93
1.83
1.75
1.7
1.69
1.71
1.77
1.85
1.96
2.07
1.02
0.66
0.5
0.45
0.44
0.45
0.5
0.68
1.01
1.31
2.72
2.7
2.67
2.65
2.63
2.63
2.63
2.62
2.62
2.62
2.63
2.64
2.66
2.68
2.7
2.72
2.75
2.77
3.14
3.13
3.13
3.12
3.11
3.11
3.11
3.11
3.12
3.12
3.12
3.13
3.14
3.16
3.17
3.19
3.2
3.21
4.29
4.34
4.38
4.4
4.45
4.45
4.45
4.43
4.4
4.36
5.09
5.26
5.37
5.51
5.57
5.59
5.54
5.43
5.34
5.21
5.81
6.06
6.36
6.55
6.55
6.55
6.55
6.41
6.15
5.9
6.2
6.41
6.55
6.55
6.55
6.55
6.55
6.55
6.46
6.26
6.25
6.37
6.47
6.55
6.55
6.55
6.55
6.51
6.43
6.33
1.62
1.45
1.37
1.31
1.3
1.32
1.38
1.49
1.64
1.8
0.77
0.78
1.13
2.85
2.85
2.84
2.81
2.79
2.79
2.78
2.79
2.79
2.79
2.8
2.8
2.83
2.86
2.87
2.89
2.9
2.92
3.27
3.25
3.24
3.24
3.24
3.24
3.24
3.24
3.25
3.25
3.26
3.28
3.28
3.28
3.28
3.29
3.3
3.31
3.7
3.71
3.71
3.75
3.77
3.76
3.77
3.79
3.76
3.78
4.58
4.65
4.7
4.78
4.82
4.83
4.8
4.76
4.7
4.64
5.38
5.53
5.71
5.88
5.98
6.01
5.91
5.76
5.61
5.47
5.99
6.26
6.55
6.55
6.55
6.55
6.55
6.55
6.3
6.04
6.21
6.41
6.55
6.55
6.55
6.55
6.55
6.55
6.47
6.31
2.24
2.14
2.09
2.06
2.05
2.07
2.1
2.16
2.26
2.34
1.3
1.09
0.93
0.87
0.86
0.87
0.98
1.11
1.33
1.54
0.72
0.38
0.21
0.13
0.11
0.13
0.19
0.34
0.72
1.02