4
4.5
5
5.5
6
6.5
7
7.5
8
8.5
9
9.5
10
10.5
11
11.5
12
12.5
4
4.5
5
5.5
6
6.5
7
7.5
8
8.5
9
9.5
10
10.5
11
11.5
12
12.5
4
4.5
5
5.5
6
6.5
7
7.5
8
8.5
9
9.5
10
10.5
11
11.5
12
13
4
5
6
7
8
9
10
11
12
13
4
5
6
7
8
9
10
11
12
13
4
5
6
7
10
11
12
13
4
5
6
7
8
9
10
11
12
13
4
5
6
7
8
9
10
11
12
13
4
5
6
7
8
9
10
11
12
13
4
5
6
7
8
9
10
11
12
13
4
4.5
5
5.5
6
6.5
7
7.5
8
8.5
9
9.5
10
10.5
11
11.5
12
12.5
4
4.5
5
5.5
6
6.5
7
7.5
8
8.5
9
9.5
10
10.5
11
11.5
12
12.5
4
5
6
7
8
9
10
11
12
13
4
5
6
7
8
9
10
11
12
13
4
5
6
7
8
9
10
11
12
13
4
5
6
7
8
9
10
11
12
13
4
5
6
7
8
9
10
11
12
13
4
5
6
7
8
9
10
11
12
13
4
12
13
4
4.5
5
5.5
6
6.5
7
7.5
8
8.5
9
9.5
10
10.5
11
11.5
12
12.5
4
4.5
5
5.5
6
6.5
7
7.5
8
8.5
9
9.5
10
10.5
11
11.5
12
12.5
4
5
6
7
8
9
10
11
12
13
4
5
6
7
8
9
10
11
12
13
4
5
6
7
8
9
10
11
12
13
4
5
6
7
8
9
10
11
12
13
4
5
6
7
8
9
10
11
12
13
4
5
6
7
8
9
10
11
12
13
4
5
6
7
8
9
10
11
12
13
4
5
6
7
8
9
10
11
12
13