20
20
20
20
20
20
20
20
20
20
20
20
20
20
20
20
20
20
18.5
18.5
18.5
18.5
18.5
18.5
18.5
18.5
18.5
18.5
18.5
18.5
18.5
18.5
18.5
18.5
18.5
18.5
17
17
17
17
17
17
17
17
17
17
17
17
17
17
17
17
17
17
15
15
15
15
15
15
15
15
15
15
12
12
12
12
12
12
12
12
12
12
9
9
9
9
9
9
9
9
6
6
6
6
6
6
6
6
6
6
3
3
3
3
3
3
3
3
3
3
22
22
22
22
22
22
22
22
22
22
25
25
25
25
25
25
25
25
25
25
19.5
19.5
19.5
19.5
19.5
19.5
19.5
19.5
19.5
19.5
19.5
19.5
19.5
19.5
19.5
19.5
19.5
19.5
18
18
18
18
18
18
18
18
18
18
18
18
18
18
18
18
18
18
14
14
14
14
14
14
14
14
14
14
11
11
11
11
11
11
11
11
11
11
8
8
8
8
8
8
8
8
8
8
5
5
5
5
5
5
5
5
5
5
2
2
2
2
2
2
2
2
2
2
23
23
23
23
23
23
23
23
23
23
26
26
26
19
19
19
19
19
19
19
19
19
19
19
19
19
19
19
19
19
19
17.5
17.5
17.5
17.5
17.5
17.5
17.5
17.5
17.5
17.5
17.5
17.5
17.5
17.5
17.5
17.5
17.5
17.5
16
16
16
16
16
16
16
16
16
16
13
13
13
13
13
13
13
13
13
13
10
10
10
10
10
10
10
10
10
10
7
7
7
7
7
7
7
7
7
7
4
4
4
4
4
4
4
4
4
4
21
21
21
21
21
21
21
21
21
21
24
24
24
24
24
24
24
24
24
24
27
27
27
27
27
27
27
27
27
27